timestamp
1745551859
