timestamp
1745521423
1745521516
